id	effectiveTime	active	moduleId	refsetId	referencedComponentId	valueId
0de05c3f-311f-5d17-88b6-f2ec38c08a8d	20060131	1	900000000000207008	900000000000489007	103267008	900000000000484002
6004907d-0b82-596f-8d6e-77f49ba11e0f	20090731	0	900000000000207008	900000000000489007	105456007	900000000000482003
8a2339d3-8301-507a-ae3d-b2ea486f599e	20040131	1	900000000000207008	900000000000489007	106549007	900000000000483008
344ecbde-6ab2-5fd9-9b7a-bf11a87eb60f	20050731	1	900000000000207008	900000000000489007	108234007	900000000000484002
a8305dc9-e930-5d9c-ac49-16d59009272b	20020731	1	900000000000207008	900000000000489007	108272002	900000000000484002
94d9e907-ef06-5bcc-8b4c-68cb011d827a	20030731	1	900000000000207008	900000000000489007	109265005	900000000000484002
d975c9c2-3bfb-57fd-989f-da88af598242	20040731	1	900000000000207008	900000000000489007	109441009	900000000000484002
350ff16f-aeb3-582e-9f86-d48410bc5623	20070131	1	900000000000207008	900000000000489007	110658006	900000000000484002
19def998-9ece-59d1-88f5-0fc0c7c23fd7	20120731	1	900000000000207008	900000000000489007	1111000119100	900000000000482003
731eb175-8f9d-5630-956c-6ebf70b43443	20020731	1	900000000000207008	900000000000489007	11270005	900000000000484002
8547a52e-a8ef-5375-8dad-12ad1d3df185	20050131	1	900000000000207008	900000000000489007	113715002	900000000000484002
cede781f-6d5e-5602-9ee8-857d32c8ab82	20030731	1	900000000000207008	900000000000489007	11778002	900000000000484002
4e3dd838-428f-5cc6-ba47-bfba4329a804	20040131	1	900000000000207008	900000000000489007	11802008	900000000000485001
c68114ac-0449-5885-80cd-c8f347c07ea9	20050131	1	900000000000207008	900000000000489007	118225008	900000000000484002
c0896119-66ec-5f53-a9d7-cacdcbd7d662	20040731	1	900000000000207008	900000000000489007	118628001	900000000000484002
47b31fd3-a13e-57ea-900a-721d75b90bae	20090131	1	900000000000207008	900000000000489007	118689006	900000000000484002
9b003237-9bf1-59c3-83a5-87a19ebb78f8	20030131	0	900000000000207008	900000000000489007	119235005	900000000000486000
076289af-15ae-5ad9-8785-db70bf946126	20040731	1	900000000000207008	900000000000489007	119260005	900000000000482003
8d778648-fa19-555d-89c6-2534890f070f	20040731	1	900000000000207008	900000000000489007	119372001	900000000000482003
b76623c2-f866-55a4-bdb7-50dd3e9b5179	20050131	1	900000000000207008	900000000000489007	120087007	900000000000482003
8f4ac8c1-8957-5acd-8a07-78b869604215	20030731	1	900000000000207008	900000000000489007	12094002	900000000000484002
12e0e5d9-7008-53cc-8ba9-3717aa719da5	20030131	1	900000000000207008	900000000000489007	122544007	900000000000485001
4121f700-b249-58d6-960a-002cc1e505f4	20050131	1	900000000000207008	900000000000489007	125669007	900000000000484002
ed8fa805-7cac-59b7-b9dc-16e4a1b5411f	20030131	1	900000000000207008	900000000000489007	126730001	900000000000484002
acd09738-bd3a-5de1-9c46-299f09e5da2e	20030731	1	900000000000207008	900000000000489007	126995000	900000000000484002
d5703c56-761a-5247-a6a8-907cbb50116a	20030131	1	900000000000207008	900000000000489007	127015005	900000000000484002
cb7c73a3-eb1a-5f33-a465-582fad9dd846	20060731	1	900000000000207008	900000000000489007	127072000	900000000000482003
266e6a04-f9d5-5bf3-bbbf-0dc74b2f668d	20050731	1	900000000000207008	900000000000489007	127452003	900000000000484002
9e9ab8db-6a59-5796-b60d-0a2d5383bf2f	20030731	1	900000000000207008	900000000000489007	128118007	900000000000482003
5d27eadf-c463-5dd7-97f4-912ed981f5a5	20040731	1	900000000000207008	900000000000489007	128427003	900000000000484002
e7f11693-3f6c-5370-a699-46d1e3e45321	20070731	1	900000000000207008	900000000000489007	129282004	900000000000484002
aa17dccf-0c7b-5b57-9461-c00c721ee054	20030131	1	900000000000207008	900000000000489007	129336009	900000000000485001
eeac1e3c-0512-561d-b8f1-348bfa0e0945	20030131	1	900000000000207008	900000000000489007	129342008	900000000000485001
16118f8d-6671-50ab-9f0f-220c392412b2	20070131	0	900000000000207008	900000000000489007	129359003	900000000000485001
49fbcbda-d7b4-5627-ab52-05cefc622fd0	20080731	0	900000000000207008	900000000000489007	129406001	900000000000482003
dc000794-2e29-5c86-911a-bd40769d99cb	20030131	1	900000000000207008	900000000000489007	129432007	900000000000485001
ec2ae785-991f-561f-bc0e-31591bd25425	20080731	0	900000000000207008	900000000000489007	129446007	900000000000485001
acba012d-72db-519f-b76f-71bfc050141e	20050731	1	900000000000207008	900000000000489007	13115008	900000000000484002
6025945c-a3a2-5403-bc51-dc2596443988	20040131	0	900000000000207008	900000000000489007	134328007	900000000000484002
c33a9bee-0c38-51bb-a083-889c846d47f0	20050731	1	900000000000207008	900000000000489007	14107000	900000000000484002
8751b93d-b0fb-5153-8db8-778cf073b1d3	20050131	1	900000000000207008	900000000000489007	14778003	900000000000484002
2f43cdae-6409-506b-8876-5e182c23eafb	20030731	0	900000000000207008	900000000000489007	155441006	900000000000482003
dd9dff68-f00e-5874-87e3-52d41c52469c	20030131	1	900000000000207008	900000000000489007	15725006	900000000000484002
bfe5bab2-03d0-5a17-ba97-c85b08edc084	20030731	1	900000000000207008	900000000000489007	1612004	900000000000485001
4bbe47bf-461c-59e6-89bd-437a4ff2f485	20050131	1	900000000000207008	900000000000489007	161431003	900000000000484002
3e03f377-111a-58a3-8cd5-20b5a2782e60	20060131	0	900000000000207008	900000000000489007	161891005	900000000000482003
119ca969-083c-538e-af67-f2b6b999c34f	20100131	1	900000000000207008	900000000000489007	162571008	900000000000484002
efa72fa0-3619-52c7-aab6-fcfe63cc3c8c	20030731	1	900000000000207008	900000000000489007	16343004	900000000000484002
310f414b-cd36-5968-8f64-49ceb48b54e8	20060131	1	900000000000207008	900000000000489007	165369002	900000000000482003
e0e2212c-1863-55af-968f-ca90c86ace53	20060131	1	900000000000207008	900000000000489007	172291001	900000000000484002
1171855b-c87d-5bf0-a181-c7b897aa6baf	20080731	1	900000000000207008	900000000000489007	17571003	900000000000484002
c23546ed-8196-5325-adad-a3e29bab30a3	20040731	1	900000000000207008	900000000000489007	181440006	900000000000482003
3d231087-dc92-59aa-b652-52fd7b673e1a	20030131	0	900000000000207008	900000000000489007	181791008	900000000000486000
8003c01e-cebc-58ee-848f-dc87c5abb27b	20050131	1	900000000000207008	900000000000489007	18233005	900000000000484002
77fa0ced-5985-52cd-9067-56ad52e0936c	20050731	1	900000000000207008	900000000000489007	182831000	900000000000484002
1e391e0b-8fd7-5955-ba0d-80b25402e0b0	20050731	1	900000000000207008	900000000000489007	183925005	900000000000484002
bb2a2535-0c0a-5ccb-96d9-44408d02334a	20050131	1	900000000000207008	900000000000489007	18409001	900000000000482003
cb747d6d-4c5f-5df8-b3a8-6b34450d098e	20040731	1	900000000000207008	900000000000489007	187402002	900000000000482003
652cdf00-b2ba-506a-ba67-b1bdf833b126	20060131	1	900000000000207008	900000000000489007	189117002	900000000000484002
4a355819-6115-5191-b604-9c81ce4f2143	20060131	1	900000000000207008	900000000000489007	19019007	900000000000484002
0ee75264-420f-5685-b6b4-00c774530360	20030131	0	900000000000207008	900000000000489007	193462001	900000000000482003
1966456c-7b51-5c5b-a1ff-8e2283d50011	20020731	1	900000000000207008	900000000000489007	194345004	900000000000484002
60ec7751-e59f-5bbb-81dd-c38aef2ee3b7	20050131	0	900000000000207008	900000000000489007	200606009	900000000000486000
5ea7e596-28bb-58d2-99c6-3595e30daa49	20020731	0	900000000000207008	900000000000489007	201101007	900000000000482003
7607b2ea-8a14-54c4-9fbb-e7c1a5e50c8b	20040731	1	900000000000207008	900000000000489007	205787009	900000000000482003
c51c12ff-11cc-50ec-a20e-6a5382c9366c	20030131	1	900000000000207008	900000000000489007	21962008	900000000000484002
6149557d-a08b-5d7e-a210-0e309c7917df	20060131	1	900000000000207008	900000000000489007	223414004	900000000000482003
f8e1b0e8-37b1-588e-8488-ce442d1f62ad	20060131	1	900000000000207008	900000000000489007	223416002	900000000000482003
1ce24b4c-af39-5912-a1a2-2fce707421a7	20060131	1	900000000000207008	900000000000489007	223463000	900000000000482003
ca19df18-4540-5f54-85b5-fc2322e8470e	20060131	1	900000000000207008	900000000000489007	223465007	900000000000484002
a580079e-d2d3-5e43-882b-96f62041e246	20080731	1	900000000000207008	900000000000489007	225426007	900000000000484002
5213b79c-7d1f-5d5b-8a52-729cde8b0a4b	20030131	1	900000000000207008	900000000000489007	228484007	900000000000482003
78079760-e5ca-51bd-b65a-50a839a73c86	20040131	0	900000000000207008	900000000000489007	230456007	900000000000482003
81fb1e44-8f82-54fb-8ac4-4f16f5636296	20070131	1	900000000000207008	900000000000489007	231976001	900000000000482003
1fcdaacb-6c09-5905-bbd7-37ce21648055	20030131	0	900000000000207008	900000000000489007	232208008	900000000000486000
3f97e5dc-99e5-5aa9-a7cb-02c765fc3b55	20020731	1	900000000000207008	900000000000489007	232503003	900000000000484002
25437211-564d-5e4b-b6b7-ca1f7ab536ca	20030131	1	900000000000207008	900000000000489007	233992003	900000000000482003
72262779-6dec-5365-bc1a-5fbdfda3296d	20050131	1	900000000000207008	900000000000489007	236537009	900000000000482003
8a35e4c7-ee72-5316-908c-7519d78fd2d7	20030731	0	900000000000207008	900000000000489007	239107007	900000000000482003
3750f166-da79-5a2f-b1bb-3f143192b7d3	20110731	1	900000000000207008	900000000000489007	241018006	900000000000484002
cbc9f0ec-82eb-5107-b9fd-c39a0dd97e6c	20040131	1	900000000000207008	900000000000489007	243575004	900000000000483008
f5499a39-bae4-5760-b73b-71a99b9f022b	20030731	1	900000000000207008	900000000000489007	244399009	900000000000482003
efe08c13-c2a0-5941-be30-f1fce6c6c76f	20040731	1	900000000000207008	900000000000489007	244773000	900000000000482003
f47103ed-d2be-5d6f-b67d-261c809ff3f8	20080731	1	900000000000207008	900000000000489007	245461005	900000000000484002
b37e75e7-f632-5504-9308-a0f588900927	20100731	1	900000000000207008	900000000000489007	247423006	900000000000484002
dca8e583-f343-5a71-b2ac-54a73aa41ce0	20030131	1	900000000000207008	900000000000489007	252382002	900000000000482003
8745899c-0292-586d-88fe-e3b5c9871897	20030731	1	900000000000207008	900000000000489007	253033002	900000000000482003
f8c521ca-e890-5491-bd9d-2c3e431a7d1f	20020731	1	900000000000207008	900000000000489007	2533004	900000000000483008
929010fb-cb5c-5784-a366-38706aee981a	20110731	0	900000000000207008	900000000000489007	253549006	900000000000482003
37cd2dc7-848f-5104-98fc-c0ea8be1516e	20020731	1	900000000000207008	900000000000489007	255287002	900000000000482003
b8bf7b06-462d-52c1-9113-47af60d41e30	20070131	1	900000000000207008	900000000000489007	255572006	900000000000482003
656b24c2-606f-5724-884c-d6896adb8495	20020731	0	900000000000207008	900000000000489007	255632006	900000000000482003
ed89def1-9a20-5ddd-a2c1-fe09c2beba74	20050131	1	900000000000207008	900000000000489007	258550008	900000000000482003
d2983b5d-be39-5366-b5b2-d543386e46a6	20110731	1	900000000000207008	900000000000489007	260670006	900000000000484002
f29b7980-39ca-580b-a9d4-723fd94d4519	20070131	1	900000000000207008	900000000000489007	260908002	900000000000485001
0e9f8e12-4271-5ad1-be75-289838fda899	20090731	1	900000000000207008	900000000000489007	261008006	900000000000484002
f825b9c9-feec-5b7d-b68e-3b88f0bd8c58	20020731	1	900000000000207008	900000000000489007	262515005	900000000000482003
16004bc3-da0c-52f1-a818-a0e34b794f4d	20040731	1	900000000000207008	900000000000489007	264048004	900000000000484002
e7c46edb-2ef3-5d00-8c4b-083518125f91	20120731	1	900000000000207008	900000000000489007	264228001	900000000000484002
f75653e5-0e43-5ecd-8089-8d96aa1891dc	20090731	1	900000000000207008	900000000000489007	266207008	900000000000484002
e4a38bab-9944-5e76-8857-9c3306465a6a	20020731	1	900000000000207008	900000000000489007	266255008	900000000000482003
9130d5b0-a573-50d3-aefd-068aabcd9c5c	20040731	0	900000000000207008	900000000000489007	266987004	900000000000486000
92ea17a2-7446-59cd-bab6-885d107e4450	20100131	1	900000000000207008	900000000000489007	268477000	900000000000484002
8d9143a6-66b8-5a49-90cd-8d6959dd27b7	20060131	1	900000000000207008	900000000000489007	268531006	900000000000484002
770fdfce-4df1-537b-b332-8aadc7dca1e5	20060131	1	900000000000207008	900000000000489007	268535002	900000000000484002
f980f0c3-038a-5e86-a955-5ce92c3fc29b	20040731	1	900000000000207008	900000000000489007	271360006	900000000000484002
24feb3ef-affc-59ed-8dc7-68b4ee0bf46b	20030131	1	900000000000207008	900000000000489007	271362003	900000000000484002
c4bfccb7-3684-5616-b34c-52bfc3041320	20100731	1	900000000000207008	900000000000489007	271571006	900000000000484002
a1a0b32a-f661-5148-875c-16a4a8ef6df3	20070731	1	900000000000207008	900000000000489007	272647005	900000000000482003
1794ea6c-856b-5ec0-a14f-d84b428b2fdf	20040731	0	900000000000207008	900000000000489007	275322007	900000000000482003
56e15aa6-97c7-5eac-9c5f-a4f9a5862386	20040731	1	900000000000207008	900000000000489007	27664004	900000000000482003
9899b8f9-c55e-5a79-8345-f43ee4b04e12	20090731	0	900000000000207008	900000000000489007	277061006	900000000000486000
2cdf3c1c-1dcd-5845-a255-e76769ba3bdd	20080731	1	900000000000207008	900000000000489007	277160009	900000000000482003
b025f65e-8414-5091-a4f8-21084015a454	20070131	1	900000000000207008	900000000000489007	27760002	900000000000484002
9eee6f47-97e8-578f-8a93-3cd1b069f487	20060131	1	900000000000207008	900000000000489007	278416001	900000000000484002
fd92d2cb-0e48-5af0-b56f-fa56135286af	20040131	1	900000000000207008	900000000000489007	279075009	900000000000482003
15d58d3e-06ee-5ccb-ac4e-27b867da7309	20070131	1	900000000000207008	900000000000489007	279253001	900000000000484002
3fa68a6f-fe91-5090-8222-e04c950b63fe	20040131	1	900000000000207008	900000000000489007	280370005	900000000000482003
726d8f6f-9e78-50a2-b5e9-a13c9a2711ee	20030131	0	900000000000207008	900000000000489007	280698004	900000000000486000
8c59c46f-a025-5a12-b62c-791f26b46657	20070731	1	900000000000207008	900000000000489007	281132006	900000000000484002
845f0ac0-0b82-5a61-92f5-13708d2774b8	20030131	0	900000000000207008	900000000000489007	281145005	900000000000486000
f41060bc-bb09-5e9d-9673-f69450a18b47	20030131	0	900000000000207008	900000000000489007	281146006	900000000000486000
d2a79283-59e3-5b54-bfab-750abcaea81f	20100131	1	900000000000207008	900000000000489007	281574006	900000000000484002
8d9ad764-cfd4-513a-93cf-e4535090e58f	20060131	1	900000000000207008	900000000000489007	282092005	900000000000484002
e99033a7-13b1-57f7-a08f-8ca91e9db3e1	20030731	0	900000000000207008	900000000000489007	283398009	900000000000482003
3e26bc91-9aa2-51c0-ba73-72513b53ec0b	20030731	0	900000000000207008	900000000000489007	283400008	900000000000482003
fca01c8b-7d83-5a13-a293-6f4d67306839	20040731	0	900000000000207008	900000000000489007	284009009	900000000000482003
7de7b53f-e06a-59f9-b655-8e99b7cce829	20050131	1	900000000000207008	900000000000489007	287361009	900000000000482003
8485c08b-e939-568e-afc8-81a0d526d2d7	20040731	1	900000000000207008	900000000000489007	293106005	900000000000482003
3cbd804b-e768-5a4b-87ca-20834eb83bea	20070731	1	900000000000207008	900000000000489007	293111007	900000000000485001
092147f5-3454-574c-a789-76c264c7d020	20050731	1	900000000000207008	900000000000489007	297129003	900000000000484002
5f8c0b7a-c419-5c85-a205-079a27107fac	20030131	0	900000000000207008	900000000000489007	297185007	900000000000486000
6d13fb44-ac4c-54e8-89ca-b5a3e7392d29	20100131	1	900000000000207008	900000000000489007	297248005	900000000000484002
1c090d0c-0017-528d-9383-4a9e2a3086dd	20050131	1	900000000000207008	900000000000489007	298384002	900000000000482003
3dc1ac5d-9b07-5b38-b426-a847f0a5f600	20040731	1	900000000000207008	900000000000489007	298395008	900000000000482003
59ad5aee-face-5c10-918b-3087097d31c0	20040731	1	900000000000207008	900000000000489007	298496005	900000000000482003
f2c0fa52-37ea-5dd2-9689-d5ef964a9921	20030731	1	900000000000207008	900000000000489007	29913006	900000000000484002
530e4692-9c0c-5d16-8c66-bde23a429025	20030131	0	900000000000207008	900000000000489007	299700003	900000000000486000
f34b62cc-734a-5d0b-8848-c568117cada6	20030131	0	900000000000207008	900000000000489007	299701004	900000000000486000
c57980e3-5f66-5c39-a2e3-468c8a661235	20030131	0	900000000000207008	900000000000489007	299717005	900000000000486000
e5f9a198-42af-5e94-bcfb-7a8cfb3ca5b6	20020731	1	900000000000207008	900000000000489007	300871001	900000000000482003
ccab8885-bebd-5e3b-a3d0-8400559e05b5	20020731	1	900000000000207008	900000000000489007	301182002	900000000000482003
643a8c71-3b97-5b64-9c8e-e46989670dd7	20110731	1	900000000000207008	900000000000489007	301865001	900000000000484002
2bdd0180-3b3b-5e34-ac38-e1bf4469cab3	20030131	0	900000000000207008	900000000000489007	302184004	900000000000486000
0535e36b-8d1a-5cb8-81fd-683068327852	20030131	0	900000000000207008	900000000000489007	302185003	900000000000486000
11fddc6b-0dfc-56db-a876-2c2cdebb216b	20030131	0	900000000000207008	900000000000489007	302463004	900000000000486000
6d000740-592d-5207-b77e-faca04adf7b3	20060731	1	900000000000207008	900000000000489007	302537006	900000000000484002
5c8cbac4-de8e-5fe8-aef4-f5a37d1590e4	20120731	1	900000000000207008	900000000000489007	302552004	900000000000484002
3c994c3b-2082-5274-b48d-f7c6961cc1f0	20040131	1	900000000000207008	900000000000489007	302595000	900000000000482003
74b46588-2630-59ff-837f-8d60dee9337e	20030131	0	900000000000207008	900000000000489007	302696005	900000000000486000
a65d7678-bb52-53ce-8a41-aadf842000ea	20040731	1	900000000000207008	900000000000489007	302793009	900000000000484002
35bed026-f08e-54ed-a8ff-f69aa48d8580	20040131	1	900000000000207008	900000000000489007	302876000	900000000000485001
12d7006a-646c-56ca-8094-60d4b49fd389	20030131	0	900000000000207008	900000000000489007	303270005	900000000000486000
20e9f0bc-f3c1-56b4-ba1c-77f09253c274	20030131	0	900000000000207008	900000000000489007	303295006	900000000000486000
9c8a50d2-6626-56b0-ad98-0551ed0e3964	20030131	0	900000000000207008	900000000000489007	303340002	900000000000486000
a90301d1-04a8-5a4d-9a6a-d71153213922	20030131	0	900000000000207008	900000000000489007	304582006	900000000000486000
3d9a4302-dc4e-5090-ae97-dfaac8a65c0a	20030131	0	900000000000207008	900000000000489007	304592003	900000000000486000
81b226dc-93e7-5108-9b51-7e57eafccbd1	20040731	0	900000000000207008	900000000000489007	304679005	900000000000486000
ef30cb87-2b6e-5df1-af8f-05533ad3d2bd	20030131	0	900000000000207008	900000000000489007	304691001	900000000000486000
940c9df7-b5ce-505a-aa16-5ae5671a99ba	20030131	0	900000000000207008	900000000000489007	304692008	900000000000486000
f2b0b792-73fb-5e0c-94e8-883fc3c9c979	20030131	0	900000000000207008	900000000000489007	304906001	900000000000486000
6b84aa07-4b20-529c-9a27-7061ed097cba	20040731	0	900000000000207008	900000000000489007	304907005	900000000000486000
c4929455-2ee3-59af-a92c-daa1a2dfe432	20030131	0	900000000000207008	900000000000489007	305072005	900000000000486000
f8268645-fc57-50b1-9dba-4d3264d2811a	20030131	0	900000000000207008	900000000000489007	305083001	900000000000486000
d6cdaa59-e599-5396-a82b-6126ced555ae	20030131	0	900000000000207008	900000000000489007	305089002	900000000000486000
180361db-d033-5873-92ec-b36411651475	20030131	0	900000000000207008	900000000000489007	305092003	900000000000486000
a7477160-b6ff-5a4a-9e57-56ffc82e49c4	20030131	0	900000000000207008	900000000000489007	305110008	900000000000486000
6bec12cc-d0c7-573c-be64-41be66a788ad	20030131	0	900000000000207008	900000000000489007	306687008	900000000000486000
519e310c-1990-5845-bb99-abc43ff6370c	20030131	0	900000000000207008	900000000000489007	306717007	900000000000486000
37476098-25eb-5561-964f-d832bc92c098	20070731	1	900000000000207008	900000000000489007	306720004	900000000000484002
b3990f3d-ffca-57be-8ae1-f83e5eb7010b	20030131	0	900000000000207008	900000000000489007	306721000	900000000000486000
99ae2dcd-9176-5c00-975c-34333f255b23	20050731	1	900000000000207008	900000000000489007	30701005	900000000000484002
ffa40d4a-8faa-535c-9d4b-529da6387da7	20030131	0	900000000000207008	900000000000489007	310787001	900000000000486000
d2325b28-5ef9-5632-b64c-8eab7f3e04e7	20040731	1	900000000000207008	900000000000489007	311980000	900000000000485001
4015f77d-9b1b-59b7-9d31-fa23e08e5322	20040131	0	900000000000207008	900000000000489007	312061002	900000000000482003
b228b939-0e66-5cc4-a895-686b33f9c511	20030131	0	900000000000207008	900000000000489007	312419003	900000000000486000
83deb847-5d82-5116-8102-5a9ccb41491d	20030131	0	900000000000207008	900000000000489007	312533001	900000000000486000
6de2a975-3f6a-59fd-a2cc-5e62b33d0eae	20030131	0	900000000000207008	900000000000489007	312534007	900000000000486000
91234faf-f736-55fa-a0ff-08efde73f1d0	20030131	0	900000000000207008	900000000000489007	312535008	900000000000486000
15706d33-8a07-5e69-a679-79d75363bc8e	20030131	0	900000000000207008	900000000000489007	312563005	900000000000486000
45838522-5e7d-535f-adc6-6c4e0165033d	20030131	0	900000000000207008	900000000000489007	312564004	900000000000486000
32cfb113-1fe4-5157-9ba0-1e9d2c323843	20030131	0	900000000000207008	900000000000489007	312690007	900000000000486000
8da316ba-23ea-5fd6-9d2b-f5b05f4531f1	20030131	0	900000000000207008	900000000000489007	312716006	900000000000486000
463924f9-ea34-578f-af5c-2144cea086e0	20030131	0	900000000000207008	900000000000489007	312742006	900000000000486000
98ad1c24-d25a-51f9-9672-afbcfa971916	20030131	0	900000000000207008	900000000000489007	312758009	900000000000486000
128bca40-4bd5-55e2-83fd-6e8ebfe29543	20030131	0	900000000000207008	900000000000489007	312769007	900000000000486000
e5bdf7eb-8415-5216-b81a-b4396dedb66d	20030131	0	900000000000207008	900000000000489007	312776002	900000000000486000
798f92a2-0c3f-5d65-9d54-5e0524f76056	20030131	0	900000000000207008	900000000000489007	312779009	900000000000486000
349ece68-ff7d-5e96-ae63-6b7607c68e29	20030131	0	900000000000207008	900000000000489007	312900000	900000000000486000
4018bc11-3e35-5b68-a152-c3ec68bba235	20070131	1	900000000000207008	900000000000489007	314389005	900000000000484002
47aebcad-b2da-5ca4-a915-97e0ff612d06	20030131	0	900000000000207008	900000000000489007	317573002	900000000000486000
a8f9f0ce-8db2-56a7-8310-499b22dfa6c4	20060131	1	900000000000207008	900000000000489007	32055008	900000000000484002
d96a07eb-ee13-5873-b4b0-f8924ebf63ed	20040131	0	900000000000207008	900000000000489007	321087001	900000000000482003
97d7e020-4925-519d-a0ec-33de30d99c96	20090731	0	900000000000207008	900000000000489007	328383001	900000000000486000
72efc47e-c2b5-54b4-a126-29a4acb5abf9	20040131	0	900000000000207008	900000000000489007	333032003	900000000000482003
fa376985-dd23-531c-aee1-3aba4fb44244	20080731	1	900000000000207008	900000000000489007	333536009	900000000000482003
38345923-e124-544b-9cad-1d9d4521f30a	20030131	0	900000000000207008	900000000000489007	33696004	900000000000486000
356f4687-1215-5330-b777-75914f95feec	20040731	0	900000000000207008	900000000000489007	3424008	900000000000482003
d40477c8-2e92-5573-b9e9-e2a4874b466e	20030131	0	900000000000207008	900000000000489007	34338003	900000000000486000
661e1d27-0a30-5eb2-8258-b379d72ad12d	20040131	0	900000000000207008	900000000000489007	348667003	900000000000486000
124f587e-0de0-5d32-abb4-59b06870431c	20080731	1	900000000000207008	900000000000489007	35461009	900000000000484002
d4a3d1b5-62e8-5054-a114-577655d2f216	20040731	1	900000000000207008	900000000000489007	360155005	900000000000482003
057bc441-8279-5d13-b585-1d75a40f36c8	20030131	1	900000000000207008	900000000000489007	360164000	900000000000482003
278e0b58-404e-5661-a870-8a99b52155d9	20030131	1	900000000000207008	900000000000489007	360224006	900000000000482003
30d0260a-37ef-5d9c-ac7a-c4c71f0a9e7c	20030131	1	900000000000207008	900000000000489007	360235001	900000000000484002
b58c18ac-2fe5-53c6-8242-0fb228759d17	20050131	1	900000000000207008	900000000000489007	360327002	900000000000482003
83427a96-2e14-5079-ac20-1956ee9a5270	20070731	1	900000000000207008	900000000000489007	360330009	900000000000484002
fd17e117-9470-5bfa-812e-e887df47ca9d	20070731	1	900000000000207008	900000000000489007	360524005	900000000000484002
b7baef12-fd62-5d00-b8f6-a79efd834303	20070731	1	900000000000207008	900000000000489007	360534001	900000000000484002
3491dc27-5b07-5ae8-b3be-820061b5163c	20070731	1	900000000000207008	900000000000489007	360536004	900000000000484002
dce6c6cb-2d67-5e65-ac65-9c5531956898	20070131	1	900000000000207008	900000000000489007	360617004	900000000000484002
9b6e4e0d-d362-5684-a4f1-25e115f967fd	20070131	1	900000000000207008	900000000000489007	360618009	900000000000484002
c9bf34f4-b007-53e6-94bd-de9cb386ac54	20070131	1	900000000000207008	900000000000489007	360620007	900000000000484002
7596138c-fe2b-5954-9a7b-2aed204ab497	20070731	1	900000000000207008	900000000000489007	360624003	900000000000484002
92bc74b3-889d-5ec1-a856-36831aa1b781	20070131	1	900000000000207008	900000000000489007	360630003	900000000000484002
8905c2fa-46b5-5d69-a314-29c8abecd330	20070131	1	900000000000207008	900000000000489007	360634007	900000000000484002
6a3a22d6-931a-5eac-90e8-2e3f6628f0fd	20070131	1	900000000000207008	900000000000489007	360635008	900000000000484002
fb2c669a-9887-516f-bb89-e4956639259e	20070731	1	900000000000207008	900000000000489007	360639002	900000000000484002
3162b4a5-520f-58dc-8c60-3daf4816c654	20070731	1	900000000000207008	900000000000489007	360640000	900000000000484002
1ce77f92-ca78-5aad-a930-dd0aa6d73f08	20070731	1	900000000000207008	900000000000489007	360641001	900000000000484002
b191a94d-aaf1-5e8a-91cf-f72620ff184f	20070731	1	900000000000207008	900000000000489007	360655009	900000000000484002
2e93ec37-34aa-5fc0-8db8-2d01745aef63	20070131	1	900000000000207008	900000000000489007	360666002	900000000000484002
53f909c2-85c4-5878-8156-a387ed3ed7e0	20090731	1	900000000000207008	900000000000489007	362235009	900000000000482003
2c14c644-3ec9-5e48-86fd-0af581b5be63	20040731	1	900000000000207008	900000000000489007	362962008	900000000000484002
e30aef29-b719-5ac7-91a0-ed23b6536f88	20040731	1	900000000000207008	900000000000489007	363174001	900000000000482003
b85c1980-25dd-5fbe-8dbe-8be23180b697	20020731	0	900000000000207008	900000000000489007	363660007	900000000000484002
767ff718-4080-5b56-ae8e-6ceda9b7fef8	20020731	0	900000000000207008	900000000000489007	363662004	900000000000482003
51224f8b-a347-513f-a79d-0b6bd5a86d9b	20020731	0	900000000000207008	900000000000489007	363663009	900000000000483008
c65e6fff-92ad-5749-92a7-62720575ee15	20020731	0	900000000000207008	900000000000489007	363664003	900000000000485001
13f70315-ef4a-5690-b694-7495cd4786fe	20040131	1	900000000000207008	900000000000489007	363692008	900000000000482003
44fc44a9-ac2e-5ece-9ae3-2e4fb46921f3	20060131	1	900000000000207008	900000000000489007	363749005	900000000000484002
ac96416f-4c1f-5f7e-9938-7770f19634d1	20060131	1	900000000000207008	900000000000489007	364527006	900000000000484002
68c66fe4-ebc3-5205-9a48-eb60922cf249	20020731	1	900000000000207008	900000000000489007	365699002	900000000000484002
e1aa0537-3f8a-5895-a6e7-5436c009502c	20030131	0	900000000000207008	900000000000489007	367324007	900000000000484002
abf98ada-6550-5b0c-a808-bf6dbfd014c4	20030131	0	900000000000207008	900000000000489007	367326009	900000000000484002
f008321f-5b3f-5437-ae2f-d66e9666d540	20030131	0	900000000000207008	900000000000489007	367327000	900000000000484002
5b151985-cc4a-537a-99c4-ca067ea8c56f	20080131	1	900000000000207008	900000000000489007	367355001	900000000000482003
9a2d7057-c431-53cc-a64f-95db340c5538	20020731	1	900000000000207008	900000000000489007	367503003	900000000000482003
8bd0cdb9-ef7e-5a64-acc3-52bdac4ba61e	20020731	1	900000000000207008	900000000000489007	367539009	900000000000482003
16d71e81-a43f-5e8f-9d13-5adbd73e7d9b	20020731	1	900000000000207008	900000000000489007	367634005	900000000000485001
33b5fb7e-b8aa-5f1e-9f89-71450d6c25d0	20020731	1	900000000000207008	900000000000489007	367635006	900000000000485001
23b39063-addc-5d85-8b14-d8a6493d0eff	20020731	1	900000000000207008	900000000000489007	367636007	900000000000485001
b4c8d233-3c61-510d-81a1-312d76e0270d	20020731	1	900000000000207008	900000000000489007	367639000	900000000000485001
0429545e-5176-544d-8f75-d8f07b8c9d4f	20020731	1	900000000000207008	900000000000489007	367640003	900000000000485001
0fe5c920-37dd-58a1-99d7-a9e9681efd11	20030731	1	900000000000207008	900000000000489007	37099008	900000000000484002
168acde8-caf7-5945-94df-da41331581dd	20050131	1	900000000000207008	900000000000489007	372090006	900000000000482003
d6b882b1-33bb-50a8-a194-a78ac01c40bc	20030131	1	900000000000207008	900000000000489007	37808005	900000000000484002
7f15fdf7-d431-597a-984f-21d392ed6f78	20040131	1	900000000000207008	900000000000489007	38318006	900000000000485001
a5c6df4a-ae57-501e-988c-d710de4e902c	20040731	1	900000000000207008	900000000000489007	385539003	900000000000482003
3c3ff4d0-065a-5fb5-b880-3a63e375f576	20050131	1	900000000000207008	900000000000489007	38667003	900000000000482003
40274ffd-d5e0-56e5-82a2-3ade92554b15	20020731	1	900000000000207008	900000000000489007	38807002	900000000000484002
46554a63-7fa1-559e-b12e-1b9391b57b38	20060131	1	900000000000207008	900000000000489007	395071004	900000000000482003
f579ce29-19a9-5b02-b1f6-c0c98d4a0901	20080731	1	900000000000207008	900000000000489007	396412003	900000000000482003
69a3aabf-7e6b-5076-a895-a683051ab3d7	20070131	1	900000000000207008	900000000000489007	396430005	900000000000482003
3add8837-e9ce-54ec-a866-286142217276	20040731	1	900000000000207008	900000000000489007	396712002	900000000000482003
0f26c988-adb4-523d-ad12-003c8d032668	20130131	1	900000000000207008	900000000000489007	398175007	900000000000482003
3acd2252-ef9e-58bb-a38d-3fd6b77ec66c	20040731	1	900000000000207008	900000000000489007	39863007	900000000000484002
72b67ec7-facf-5ead-a400-09cb0857285b	20080731	1	900000000000207008	900000000000489007	398901001	900000000000482003
22b38ef3-41ee-53cf-bd65-ab8fed6b69d2	20090731	1	900000000000207008	900000000000489007	402577002	900000000000484002
6a8dd83a-c8bf-5cba-a3c2-c40a87a8ca64	20040731	1	900000000000207008	900000000000489007	406120008	900000000000482003
c31f9590-9666-596d-899c-f4ab1639cd85	20050731	1	900000000000207008	900000000000489007	408675006	900000000000484002
e47109ac-6aab-5ca4-bfe3-0317e70be792	20060131	1	900000000000207008	900000000000489007	413388006	900000000000482003
c679f8b8-55ea-5764-99cf-63abc8487fec	20050731	1	900000000000207008	900000000000489007	413644005	900000000000482003
0123aa2d-f249-54a5-9bed-0a3a4d5b7493	20020731	1	900000000000207008	900000000000489007	41507004	900000000000484002
6aa3521c-3cc5-5f64-9c73-3cb39e1d740e	20070731	1	900000000000207008	900000000000489007	418163009	900000000000485001
20bdeee5-6757-5bae-b1f0-5bac086ca9ed	20060731	1	900000000000207008	900000000000489007	418168000	900000000000482003
4ac53902-9a30-58c9-870d-bf213a7d7210	20030131	1	900000000000207008	900000000000489007	41840003	900000000000484002
36e7c821-e525-5915-8265-427f69835843	20030131	1	900000000000207008	900000000000489007	41859001	900000000000482003
78272e1f-3360-50a1-a9f6-30aeef36640d	20060731	1	900000000000207008	900000000000489007	419076005	900000000000484002
8fc880df-82bc-5198-acf4-21cd2cec6894	20070131	1	900000000000207008	900000000000489007	419258005	900000000000482003
f083b58c-339e-5dee-bffc-dc23b512861b	20090131	1	900000000000207008	900000000000489007	419952004	900000000000484002
20dee9e5-6ffd-5ca6-b5d6-0f4bdcf24e55	20100731	1	900000000000207008	900000000000489007	424370005	900000000000482003
be5d76b5-6dc0-5581-be3b-8ffeb3205422	20030131	0	900000000000207008	900000000000489007	42774007	900000000000486000
58458bb5-a3f6-5fb3-9d3e-840eb2d0e5a4	20030131	1	900000000000207008	900000000000489007	4327008	900000000000484002
2f83c880-3749-5747-ad37-accb64fd6d4f	20100131	1	900000000000207008	900000000000489007	43749003	900000000000484002
f3cf1e4d-8037-5427-b23d-b8f107ac0876	20050131	1	900000000000207008	900000000000489007	46197000	900000000000484002
c40faf38-78fe-5ad2-bc8a-66a66f175408	20030131	1	900000000000207008	900000000000489007	48692003	900000000000484002
5354324c-098a-5c68-a47f-fec91ae9419b	20100131	1	900000000000207008	900000000000489007	4908009	900000000000484002
24239b50-ef5f-52c6-97cd-e4c9de7b0c99	20040131	1	900000000000207008	900000000000489007	50050003	900000000000482003
997159f6-8a81-50f7-8974-f58975dae3d9	20050131	1	900000000000207008	900000000000489007	52332009	900000000000484002
4208f7d9-e8de-557e-8e12-a778d7ca3635	20070131	1	900000000000207008	900000000000489007	53737009	900000000000485001
fcad8e59-72d6-557a-8eea-35c34a846027	20050131	0	900000000000207008	900000000000489007	53741008	900000000000482003
8910ec3c-a650-508c-9614-f0373d5d5c67	20040131	1	900000000000207008	900000000000489007	54270005	900000000000484002
e918f6ff-8b0d-5a22-ba3f-0763782c4774	20070731	1	900000000000207008	900000000000489007	54667003	900000000000482003
66398491-b388-5acd-a6b6-ef808b9543be	20020731	1	900000000000207008	900000000000489007	55388007	900000000000484002
c41551a8-8354-5e4a-a433-31e8c57f3c85	20090131	1	900000000000207008	900000000000489007	55797009	900000000000482003
0beb158e-1318-5a67-917f-a22c6f6d6986	20020731	1	900000000000207008	900000000000489007	57855005	900000000000484002
a54542c5-31e5-5f21-a62f-978e7f1c9151	20030131	1	900000000000207008	900000000000489007	58240005	900000000000484002
2d00a303-149f-51f6-88f0-717d99327f5b	20030131	0	900000000000207008	900000000000489007	59863003	900000000000486000
8a26eb6e-2e02-5045-9aa3-59456212f923	20030131	0	900000000000207008	900000000000489007	60978003	900000000000486000
0308e286-331a-5a5e-b74f-776bed326d78	20080131	1	900000000000207008	900000000000489007	6099009	900000000000484002
10800d8a-82bb-5485-ad83-60581162b060	20030731	1	900000000000207008	900000000000489007	61136001	900000000000484002
c0705b4f-e0ff-58c8-978f-f6d05b078f3d	20060731	1	900000000000207008	900000000000489007	61402003	900000000000482003
ef2bd99a-23ef-542b-a3c1-d72bb0a63712	20060731	1	900000000000207008	900000000000489007	61638001	900000000000482003
a4aa8173-3ca3-54eb-96f9-f97d6cb6d753	20060131	1	900000000000207008	900000000000489007	67107006	900000000000482003
6c932932-685c-558b-b347-71d530271caf	20050131	1	900000000000207008	900000000000489007	67705005	900000000000484002
bce492f1-c969-5940-afa7-80e190428ae9	20090131	1	900000000000207008	900000000000489007	68002001	900000000000482003
fc6698c0-7ccf-500d-abca-cd6f07bde5d2	20040731	1	900000000000207008	900000000000489007	68231009	900000000000484002
e6f60b25-4004-5210-8068-c9789616b3bf	20030131	1	900000000000207008	900000000000489007	69096003	900000000000484002
655b47d0-48f9-53e7-8440-5469fb67a8a3	20040731	1	900000000000207008	900000000000489007	69197005	900000000000484002
c90d4057-bc2b-527f-a07c-28a0c3078366	20040131	1	900000000000207008	900000000000489007	69947005	900000000000484002
49f496ba-5430-57e4-845c-7a3542c5d4ff	20030731	1	900000000000207008	900000000000489007	70281000	900000000000484002
a25ce8ae-c33f-51e0-8d2e-b4e5063cac24	20030731	1	900000000000207008	900000000000489007	72094000	900000000000482003
45b56956-d727-58de-9731-aa96c794bfb6	20040131	1	900000000000207008	900000000000489007	72810009	900000000000482003
a75da3d7-1690-5050-b95c-73674f34087f	20020731	1	900000000000207008	900000000000489007	73154007	900000000000485001
9488f7b2-27c3-51c0-bf3b-e5d9c5180f0e	20050731	1	900000000000207008	900000000000489007	74069000	900000000000484002
fa237534-ab74-56cf-9030-155c543144fb	20020731	1	900000000000207008	900000000000489007	74175007	900000000000484002
c08404b6-5cb6-55c6-95da-53bc5f7a2ae9	20030131	1	900000000000207008	900000000000489007	74276003	900000000000484002
ac9c1ad3-98de-55fb-bf3c-6b56c5f730d8	20050131	1	900000000000207008	900000000000489007	74301006	900000000000484002
34185b99-8271-5df6-b545-bbdcbc98b090	20050731	1	900000000000207008	900000000000489007	7580003	900000000000484002
1ad3ea55-7407-5d86-8dbc-0afb47655cfe	20030731	1	900000000000207008	900000000000489007	75901008	900000000000484002
fd4a5c86-ca92-5730-92bd-e461620e7b1e	20110131	1	900000000000207008	900000000000489007	76910007	900000000000482003
e79f9c4a-6675-5a3b-864c-e0c2603ec7a1	20050131	1	900000000000207008	900000000000489007	7787002	900000000000484002
474fdff7-adda-53b5-82fc-cb2065a8af42	20050131	1	900000000000207008	900000000000489007	78658006	900000000000482003
3939d938-cf38-5c9c-a384-a87b8e9a8ee0	20080131	1	900000000000207008	900000000000489007	79450003	900000000000484002
8d547b4f-9553-59a8-936b-8397ecc916c7	20020731	1	900000000000207008	900000000000489007	79517001	900000000000484002
aa991329-c8e6-56dd-8f68-48c6a72944ec	20070131	1	900000000000207008	900000000000489007	79723009	900000000000484002
dc236574-40b7-5a3b-8079-8698cb503b9a	20030131	1	900000000000207008	900000000000489007	82076002	900000000000484002
32813e33-3bee-58b6-b104-5b970c43cbdb	20030131	0	900000000000207008	900000000000489007	82680008	900000000000486000
0c9f09da-cb0d-5a02-86bf-f6e50446723d	20030731	1	900000000000207008	900000000000489007	8316001	900000000000484002
82fd4963-e307-5247-b15a-d08ece47e6d2	20030731	1	900000000000207008	900000000000489007	83486002	900000000000484002
b29c151b-4d0e-559e-95de-42317e0751f0	20030731	1	900000000000207008	900000000000489007	8352002	900000000000484002
98acffbe-d307-56e2-920d-24ae2ff9096e	20020731	1	900000000000207008	900000000000489007	8540005	900000000000484002
36065127-a41d-5b1f-b8a7-fe6d69fd8e3c	20030131	0	900000000000207008	900000000000489007	8580001	900000000000486000
1fdf1dc5-cda9-5a12-8b7a-da9e9492424e	20020731	1	900000000000207008	900000000000489007	86522006	900000000000484002
877631c6-0857-5e20-a7f9-0f229f8846f4	20060131	1	900000000000207008	900000000000489007	87373006	900000000000484002
6e0da50f-5ee0-5272-bd40-b03f0e0690c7	20070131	1	900000000000207008	900000000000489007	87640006	900000000000482003
20f493d2-fe11-5ded-a30c-92aa26264f54	20020731	1	900000000000207008	900000000000489007	87716009	900000000000484002
1169f50c-abe9-56e4-aaad-b71f76fd84e1	20050131	1	900000000000207008	900000000000489007	8957000	900000000000484002
174d1f5f-1c87-5ff1-bb31-da47a9c6fe94	20120131	1	900000000000207008	900000000000489007	91984001	900000000000484002
9b943b5e-828b-56f8-854f-9380b62b8d85	20040731	1	900000000000207008	900000000000489007	92187005	900000000000482003
365aad12-9ebd-54e7-ae65-7e9d0b9565c0	20040731	1	900000000000207008	900000000000489007	92407004	900000000000482003
617b3f35-d1b8-543b-a821-0185adbf73e7	20020731	1	900000000000207008	900000000000489007	93791000	900000000000484002
2cbe433e-65c9-5a2e-95b9-5ec139308c9b	20020731	1	900000000000207008	900000000000489007	94070007	900000000000484002
bdfd0c78-6d63-58fc-ae35-0afbaee007fd	20100731	1	900000000000207008	900000000000489007	95649006	900000000000482003
